Symbol	padj	pvalue	log2FoldChange
OTOF	6.4E-32	3.03E-36	6.9429138
IFI44L	9.21E-29	8.71E-33	5.1427283
IFI27	1.8E-28	2.55E-32	6.8626021
IFI44	1.03E-25	1.94E-29	4.3924461
SIGLEC1	2.68E-25	6.33E-29	4.6365686
RSAD2	4.98E-24	1.41E-27	4.8291872
USP18	2.28E-22	7.56E-26	4.3150623
USP41	5.78E-22	2.19E-25	4.3037791
SMTNL1	9.29E-22	3.95E-25	3.6637411
IFIT1	1.01E-20	4.8E-24	3.9084968
OAS3	9.42E-20	4.9E-23	3.7030161
LINC00487	1.83E-19	1.04E-22	4.3758794
FAM247A	2.59E-19	1.59E-22	4.0257831
FAM247D	4.95E-19	3.28E-22	4.0312982
HERC5	9.22E-19	6.54E-22	3.3048759
NRIR	1.48E-18	1.12E-21	3.6757924
FAM247C	1.67E-18	1.34E-21	4.0030891
LOC105379548	2.7E-18	2.29E-21	3.843866
IFIT3	3.32E-18	3.1E-21	3.0820536
CMPK2	3.32E-18	3.14E-21	3.6366713
OAS1	4.58E-18	4.54E-21	3.1286335
XAF1	9.82E-18	1.02E-20	2.647708
ISG15	3.42E-17	3.76E-20	4.0817522
EPSTI1	3.42E-17	3.88E-20	2.9884667
LOC101927741	4.06E-17	4.8E-20	3.1947606
IFI6	4.09E-17	5.03E-20	3.1121239
LOC101926887	6.18E-17	7.88E-20	2.96742
MX1	1.64E-16	2.17E-19	3.0944553
OASL	1.86E-16	2.57E-19	2.8863644
OAS2	1.86E-16	2.64E-19	2.9273299
SPATS2L	2.6E-16	3.81E-19	3.172858
DDX60	3.76E-16	5.7E-19	2.6646423
LY6E	4.28E-16	6.68E-19	3.2505958
LOC105373148	5.49E-16	8.82E-19	2.7169624
EIF2AK2	7.07E-16	1.17E-18	2.2510729
LOC105373404	7.67E-16	1.31E-18	4.1864856
RTP4	4.89E-15	8.56E-18	2.5763875
LOC102723458	4.89E-15	8.78E-18	1.8920132
RNF213-AS1	5.19E-15	9.57E-18	1.8213962
TIMM10	1.36E-14	2.67E-17	2.4990132
TRIM6	1.36E-14	2.77E-17	2.6029784
FBXO39	2.28E-14	4.74E-17	3.2102735
AGRN	2.38E-14	5.07E-17	2.4299289
B2M	4.32E-14	9.4E-17	1.0029333
LINC02574	4.71E-14	1.05E-16	4.2376075
HERC6	4.85E-14	1.1E-16	2.1611504
IFIT5	6.69E-14	1.55E-16	2.1273192
BCL6	7.03E-14	1.66E-16	2.6706439
BCL2L14	7.03E-14	1.66E-16	2.6706439
TRIM22	7.09E-14	1.71E-16	1.7916405
RNF213	7.43E-14	1.86E-16	1.5011886
CCDC194	7.43E-14	1.86E-16	2.7491778
ZBP1	9.94E-14	2.58E-16	2.0138188
LOC107984251	9.94E-14	2.58E-16	1.9643669
IFIT2	1.08E-13	2.87E-16	2.3907977
LOC101928391	1.18E-13	3.17E-16	4.4408884
NTNG2	1.26E-13	3.45E-16	1.9943219
MIR10393	2.13E-13	5.94E-16	1.0061695
NDC80	2.64E-13	7.5E-16	1.3456639
KLHDC7B-DT	3.33E-13	9.6E-16	1.9649
SAMD9L	4.84E-13	1.42E-15	1.8663364
LOC105370178	7.48E-13	2.23E-15	3.5221623
CARD16	8.58E-13	2.63E-15	1.2395877
TRG-GCC2-1	8.58E-13	2.64E-15	1.8782194
FAP	1.3E-12	4.06E-15	2.9600754
ZCCHC2	1.42E-12	4.51E-15	1.9315758
PTPN22	1.93E-12	6.2E-15	2.8150865
PTGFR	1.93E-12	6.2E-15	2.8150865
CHMP5	2.15E-12	7.01E-15	1.6660884
HELZ2	2.28E-12	7.53E-15	1.8347606
LY6E-DT	2.96E-12	9.93E-15	2.7889698
LAMP3	3.21E-12	1.09E-14	2.4106881
LOC105371082	3.42E-12	1.18E-14	1.8189212
ADAMTS2	4.63E-12	1.62E-14	4.4180115
CARD17P	4.89E-12	1.76E-14	1.9212818
DHX58	5.2E-12	1.89E-14	1.8389665
LOC107985562	6.74E-12	2.52E-14	3.3444947
LOC102724608	3.17E-11	1.27E-13	1.8613015
TTC21A	3.42E-11	1.39E-13	1.3935315
PARP9	3.57E-11	1.47E-13	1.5224158
CYTOR	4.15E-11	1.8E-13	1.0424635
EXOC3L1	4.99E-11	2.22E-13	2.5475515
ODF3B	5.03E-11	2.26E-13	1.3866406
SAMD9	6E-11	2.72E-13	1.51425
BTN2A3P	6.21E-11	2.85E-13	1.144842
IFITM1	7.33E-11	3.47E-13	1.3901636
IRF7	7.61E-11	3.63E-13	1.9247057
TNFSF10	8.95E-11	4.31E-13	1.2051644
RUFY4	9.56E-11	4.66E-13	1.5259615
PARP12	9.56E-11	4.7E-13	1.5640668
PARP14	1.04E-10	5.15E-13	1.5990122
IFIH1	1.58E-10	8.05E-13	1.7490715
RIGI	1.64E-10	8.48E-13	1.6767822
HESX1	2.79E-10	1.46E-12	2.2749796
NDUFB3	2.96E-10	1.57E-12	1.187132
LOC105375217	2.96E-10	1.58E-12	2.004079
AIM2	3.01E-10	1.62E-12	1.6146374
CSTA	3.23E-10	1.75E-12	1.2985022
STAT2	3.26E-10	1.79E-12	1.3591262
KIAA1958	3.45E-10	1.93E-12	1.7600206
TMEM178B	4.08E-10	2.3E-12	1.9287218
TASL	4.08E-10	2.33E-12	1.0349985
BLK	4.22E-10	2.43E-12	1.23448
BISPR	4.22E-10	2.43E-12	1.23448
LOC105373033	4.3E-10	2.5E-12	1.8737452
CFAP58-DT	4.37E-10	2.58E-12	1.5833497
LOC105369349	4.46E-10	2.66E-12	2.0764972
ZNF684	5.07E-10	3.07E-12	1.8049824
GRASLND	6.53E-10	4.04E-12	1.4733335
PCLAF	7.56E-10	4.72E-12	1.9208292
DDX60L	7.86E-10	4.98E-12	1.6108351
SP100	7.94E-10	5.07E-12	1.0260719
LOC105369350	8.98E-10	5.77E-12	3.2705895
KLHDC7B	9.68E-10	6.27E-12	1.9683033
PLSCR1	1.08E-09	7.05E-12	1.7786203
LOC105377524	1.14E-09	7.58E-12	2.1394802
OLAH	1.37E-09	9.42E-12	3.9188244
MT2A	1.45E-09	1.01E-11	2.0075005
TRIM69	1.45E-09	1.02E-11	1.0873532
OBSL1	1.46E-09	1.03E-11	-1.2940894
LOC105373582	1.5E-09	1.07E-11	1.9934632
RNASE1	1.98E-09	1.45E-11	2.4551121
SAT1	2.1E-09	1.55E-11	1.0132168
TNFAIP6	2.14E-09	1.59E-11	1.7773125
LOC105376731	2.34E-09	1.75E-11	1.1006938
CCL2	2.77E-09	2.09E-11	3.2508308
LOC101927131	3.1E-09	2.36E-11	1.4955062
LOC105374071	3.4E-09	2.6E-11	1.3181212
TMEM123-DT	3.73E-09	2.87E-11	1.8279031
REC8	4.9E-09	3.87E-11	1.11184
LOC101593348	6.2E-09	4.98E-11	1.1520537
LINC00537	6.43E-09	5.2E-11	1.0795359
MMP8	6.43E-09	5.23E-11	2.7243047
LOC101929319	6.58E-09	5.38E-11	1.6910294
PANDAR	7.47E-09	6.2E-11	1.5057793
CDK1	7.98E-09	6.68E-11	1.8553649
SEPTIN4	8.51E-09	7.18E-11	2.0514232
APOBEC3B	1.02E-08	8.75E-11	1.1692398
LINC00260	1.06E-08	9.22E-11	1.1301333
APOBEC3A	1.06E-08	9.25E-11	1.2085608
ABCA1	0.000000011	9.65E-11	1.5142252
MX2	1.16E-08	1.02E-10	1.3930541
CETP	1.21E-08	1.08E-10	1.0277956
LOC105374545	1.21E-08	1.09E-10	2.2411998
S100A8	1.23E-08	1.11E-10	1.6682931
CEACAM1	0.000000014	1.29E-10	1.3732927
IFI35	1.53E-08	1.42E-10	1.5671844
PNPT1	1.59E-08	1.49E-10	1.340919
LOC102724965	1.65E-08	1.54E-10	1.0870616
NKAIN1	1.66E-08	1.56E-10	5.2654948
CCL8	1.67E-08	1.58E-10	3.2069564
LIF	1.81E-08	1.75E-10	2.0595263
BRCA2	1.81E-08	1.75E-10	1.258747
TMEM45A	1.83E-08	1.78E-10	2.7474252
PARP10	1.96E-08	1.93E-10	1.2771696
TMPRSS2	1.99E-08	1.99E-10	3.5938083
TTK	2.03E-08	2.04E-10	1.5074193
OLFM4	2.08E-08	2.1E-10	3.0535449
BATF2	2.37E-08	2.41E-10	2.0654425
LOC105371461	2.46E-08	2.54E-10	1.5647429
LGALS3BP	2.57E-08	2.66E-10	1.7181013
HMGB2	2.79E-08	2.9E-10	1.4773791
CXCL11	3.08E-08	3.22E-10	2.3879952
LOXHD1	3.19E-08	3.36E-10	1.6872211
LINC01531	3.52E-08	3.74E-10	1.4594
MYL6B	3.67E-08	3.94E-10	1.2586255
PLSCR2	3.67E-08	3.95E-10	1.5129266
IFI16	3.77E-08	4.09E-10	1.1497658
TNFRSF21	3.79E-08	4.12E-10	-1.1314255
SLC26A8	0.000000038	4.15E-10	1.6575877
LAP3	4.13E-08	4.55E-10	1.4329362
LOC107985288	4.33E-08	4.81E-10	1.7741823
TOR1B	4.57E-08	5.12E-10	1.3241315
PLD4	4.78E-08	5.41E-10	-1.1872118
HLA-DR	4.94E-08	5.61E-10	1.6117636
HJURP	4.94E-08	5.61E-10	1.6117636
LOC105378286	5.25E-08	6.01E-10	1.346105
HES4	5.42E-08	6.27E-10	2.3715189
TMEM123	0.000000056	6.53E-10	1.2182799
SERPING1	0.000000057	6.68E-10	2.290495
CFB	5.96E-08	7.04E-10	1.5065039
DTX3L	5.96E-08	7.08E-10	1.0646442
SOX7	5.96E-08	7.17E-10	-1.1110373
TDRD7	5.96E-08	7.19E-10	1.1859608
BCL2A1	6.08E-08	7.39E-10	1.4439431
LOC107986531	6.65E-08	8.15E-10	1.1126125
IGFL2	0.000000068	8.36E-10	1.9885571
LOC105375035	7.13E-08	8.83E-10	1.769266
DAAM2-AS1	0.000000072	8.99E-10	3.7779468
PRSS22	7.68E-08	9.63E-10	-2.0304839
LOC105376504	7.82E-08	9.86E-10	1.6018876
TNFRSF17	7.82E-08	9.87E-10	2.2390324
LOC105378075	7.87E-08	9.97E-10	1.7720957
CDC25C	0.00000008	1.03E-09	1.0459469
LOC105372651	8.08E-08	1.04E-09	2.0871529
KIF18B	8.08E-08	1.04E-09	1.6006575
CXCL10	8.21E-08	1.06E-09	2.1119321
PXT1	9.21E-08	1.21E-09	1.4889762
LOC101928816	9.21E-08	1.21E-09	1.1780995
LOC105373180	9.43E-08	1.25E-09	2.9842893
KCND1	9.62E-08	1.29E-09	1.0138224
CDC6	0.000000108	1.46E-09	1.4404704
LINC00677	0.000000114	1.56E-09	1.0511954
CKAP2L	0.000000114	1.56E-09	1.2773356
ABCA13	0.000000116	1.59E-09	2.3241838
KRT81	0.000000118	1.63E-09	-1.5522245
LINC02471	0.000000128	1.78E-09	1.9015639
TNFSF4	0.000000137	1.93E-09	1.1623844
TNFSF13B	0.000000137	1.93E-09	1.1623844
TXN	0.000000139	1.97E-09	1.0715779
LOC105373171	0.000000145	2.06E-09	1.804963
MUC5B	0.000000153	2.19E-09	1.4231601
LOC105376505	0.000000155	2.23E-09	1.8361324
SEMA3G	0.00000016	2.31E-09	1.1617767
C15orf48	0.000000161	2.33E-09	1.5815777
GALM	0.000000161	2.34E-09	1.3170586
NT5C3A	0.000000161	2.35E-09	1.1430964
CCR1	0.000000163	2.4E-09	1.1519558
CTSG	0.000000168	2.49E-09	2.6535001
LRRK2-DT	0.000000181	2.7E-09	1.5863517
LOC105372407	0.000000184	2.76E-09	1.6785637
LOC107986482	0.000000198	3.02E-09	1.5784427
APOBEC3B-AS1	0.000000199	3.05E-09	1.1189711
TRIM5	0.000000207	3.21E-09	1.1464838
ADAR	0.000000239	3.75E-09	1.002689
BST2	0.000000242	3.8E-09	1.1573382
CDC45	0.000000245	3.87E-09	1.5585634
MDK	0.000000247	3.91E-09	1.2376503
DEFA3	0.000000264	4.22E-09	2.6130459
TRG-GCC2-4	0.000000267	4.29E-09	1.9312999
SEMA3B	0.000000271	4.35E-09	1.1005891
NKD1	0.000000281	4.55E-09	1.1202814
MS4A4A	0.000000285	4.62E-09	1.2603531
LOC107985221	0.000000298	4.87E-09	1.1880781
FCGR2B	0.000000305	5.03E-09	1.2625906
FBXO6	0.000000305	5.03E-09	1.2625906
DUSP13	0.000000308	5.1E-09	1.9440409
LOC107985497	0.000000324	5.39E-09	1.1876274
DEFA4	0.000000341	5.69E-09	2.6333048
GBP1P1	0.000000344	5.77E-09	1.6107591
TARM1	0.000000355	0.000000006	1.9749675
ND4L	0.000000376	6.49E-09	-1.009069
GLDN	0.000000385	6.66E-09	2.4067365
DEFA5	0.0000004	6.94E-09	2.6444694
IGLV6-57	0.000000403	7.02E-09	2.2976461
MIR320E	0.000000404	7.05E-09	1.1356624
CYSLTR2	0.000000429	7.52E-09	-1.009141
E2F8	0.000000434	7.64E-09	1.688899
DLGAP5	0.000000441	7.84E-09	1.7452129
AFF1	2.3042E-06	7.89E-09	1.1737669
PMP22	0.000000445	7.93E-09	-1.6036965
DEFA1B	0.000000458	8.2E-09	2.5907824
TRG-GCC2-2	0.000000472	8.56E-09	1.9616558
ETV7	0.000000475	8.67E-09	1.9481966
MAP2K6	0.000000483	8.86E-09	1.2130474
IL1RN	0.000000488	8.98E-09	1.1874278
LOC101927522	0.000000499	9.26E-09	1.1954202
DEFA1	0.000000501	9.33E-09	2.5632035
ADGRG6	0.000000502	9.39E-09	-1.1630269
DRC1	0.000000533	1.01E-08	1.595932
LOC107984698	0.000000553	1.06E-08	1.4194269
SEPTIN4-AS1	0.000000555	1.07E-08	1.6905898
H2AC7	0.000000555	1.07E-08	1.32287
TCN2	0.000000564	1.09E-08	1.2765928
GSG1L	0.000000577	1.12E-08	1.945837
APOL6	0.000000597	1.17E-08	1.1586604
EPHB2	0.000000602	1.19E-08	1.5970207
SLC16A2	0.000000615	1.23E-08	-1.5116809
H3C4	0.000000615	1.23E-08	1.3103723
SPC25	0.000000643	0.000000013	1.8000956
IGF1	0.000000656	1.33E-08	2.4640673
IGFBP6	0.000000672	1.37E-08	-1.1962206
CAMP	0.000000673	1.38E-08	1.8155058
HMMR	0.000000681	0.000000014	1.7954204
H4C4	0.000000683	1.41E-08	1.4543095
TRG-GCC2-5	0.000000702	1.46E-08	1.8681802
HFE-AS1	0.000000738	1.55E-08	1.3016057
LINC03055	0.000000739	1.56E-08	1.7237959
SLC12A8	0.000000794	1.69E-08	1.4466533
RRM2	0.000000807	1.72E-08	1.6989874
DEFA8P	0.000000847	1.83E-08	3.2934163
EAF2	0.000000851	1.84E-08	1.3032289
FAM8A1	0.000000854	1.85E-08	1.0010049
PLAAT2	0.000000899	1.97E-08	2.2252063
ARG1	0.000000905	1.99E-08	2.4223569
UCHL1	0.000000909	0.00000002	2.6179395
COL17A1	0.000000923	2.04E-08	2.255862
IL10 	0.000000933	2.07E-08	1.413117
IL10	0.000000933	2.07E-08	1.413117
LINC00659	0.000000938	2.08E-08	1.1403665
BMAL2	0.000000938	2.09E-08	1.0129272
LOC105374985	0.000000969	2.18E-08	1.2483815
GBP1	0.000000969	2.18E-08	1.3659988
UBQLNL	0.00000107	2.43E-08	1.3059455
SLC2A10	0.00000109	2.48E-08	-1.3133622
ASPM	0.00000111	2.53E-08	1.5538762
MND1	0.00000112	2.57E-08	1.7868683
EPHA2	0.00000117	2.68E-08	-1.194811
PDE9A-AS1	0.00000117	0.000000027	1.9992934
ASB9P1	0.00000118	2.74E-08	1.4584449
PLLP	0.00000134	3.12E-08	-1.0350774
CA12	0.00000134	3.13E-08	1.8116175
TRG-GCC2-3	0.00000138	3.27E-08	1.820545
HSPB9	0.00000146	0.000000035	1.2370003
JCHAIN	0.00000147	3.52E-08	2.1992098
KCNK10	0.0000016	0.000000039	-1.2901122
TICRR	0.0000016	3.91E-08	1.4565048
CIB3	0.00000163	0.00000004	1.3128081
ADAMTSL4-AS1	0.00000163	4.01E-08	1.1444456
LOC105373172	0.00000166	4.11E-08	1.5325463
LY96	0.0000017	4.27E-08	1.1120719
TMEM52B	0.00000174	4.37E-08	2.1841446
PTGDR2	0.00000177	4.48E-08	-1.4909762
IGLV3-25	0.00000177	4.48E-08	2.0203889
CYP7B1	0.00000177	4.51E-08	-1.2767532
MT1G	0.00000188	4.83E-08	1.1486032
LOC105375034	0.00000188	4.84E-08	1.3245706
CLEC4D	0.00000189	4.86E-08	1.5960316
DAAM2	0.0000019	4.89E-08	3.305509
LOC105370355	0.000002	5.21E-08	1.3732602
MAOA	0.000002	5.25E-08	2.7327071
IL17REL	0.00000202	0.000000053	1.031339
OLR1	0.00000205	5.42E-08	2.1262006
NOS1AP	0.00000209	5.55E-08	1.6662218
SLC1A3	0.00000209	5.57E-08	1.6525227
LOC105378978	0.00000211	5.63E-08	1.443759
CKS2	0.00000215	5.78E-08	1.0627373
LINC02009	0.00000216	5.81E-08	2.1902615
GATA2	0.00000218	5.88E-08	-1.4741205
FBLN2	0.0000022	5.93E-08	-1.348761
CRISP3	0.00000226	6.13E-08	2.0247228
CEACAM6	0.00000226	6.13E-08	1.9223396
ITGA1	0.00000226	6.14E-08	1.0037617
OVOL1	0.00000233	6.37E-08	2.3846291
LOC105378841	0.00000233	6.39E-08	1.0076806
IGLV1-50	0.00000234	6.42E-08	1.9922715
NEIL3	0.00000236	6.49E-08	1.398837
PTCSC1	0.00000236	0.000000065	1.2732041
LINC02555	0.00000238	6.56E-08	1.2253556
ITPRIP-AS1	0.00000241	6.67E-08	1.4259148
NAT8L	0.00000242	6.71E-08	-1.3756536
TCN1	0.00000245	6.83E-08	1.4061019
LOC107984302	0.00000248	6.93E-08	1.0731537
C4A	0.00000249	6.98E-08	1.6390037
C2	0.00000249	6.98E-08	1.6390037
C1QC	0.00000249	6.98E-08	1.6390037
IFITM3	0.00000253	7.12E-08	1.3706002
LOC105371795	0.00000266	7.53E-08	1.0448487
CNN3	0.00000271	7.69E-08	-1.0404607
NUF2	0.00000271	7.71E-08	1.1728691
MIR34AHG	0.00000273	7.78E-08	1.3303177
SAMSN1	0.00000274	7.82E-08	1.157453
H2BP2	0.00000295	0.000000085	1.129618
ADAMTSL4-AS2	0.00000304	8.87E-08	1.0287998
INHBA	0.00000322	9.52E-08	2.1493835
SCO2	0.00000335	9.97E-08	1.1844892
CDHR1	0.00000335	0.0000001	-1.2214128
MPPED2	0.00000342	0.000000103	-1.3424916
CHIT1	0.00000343	0.000000103	1.8470747
CEP55	0.00000351	0.000000106	1.3799617
CDHR5	0.00000351	0.000000106	1.0006901
LOC105375924	0.0000037	0.000000112	1.2985533
ANKRD45	0.00000371	0.000000113	3.5707454
PDCD1	0.00000374	0.000000114	4.4647426
PCSK9	0.00000374	0.000000114	4.4647426
PPL	0.00000378	0.000000115	1.1578724
LOC400499	0.00000379	0.000000116	1.0699574
ZNF496-DT	0.00000386	0.000000118	1.5194093
FRMD3	0.00000398	0.000000122	1.2219801
LINC01485	0.00000411	0.000000127	1.7663755
LRRC26	0.0000042	0.000000131	-1.9139538
HRH4	0.00000425	0.000000133	-1.2416632
SCAANT1	0.00000449	0.000000142	1.2934599
NALF2	0.0000048	0.000000153	1.9829297
PBK	0.00000487	0.000000156	2.0052062
UBE2L6	0.00000493	0.000000158	1.0919065
BSND	0.00000493	0.000000159	2.2370213
SYCE3	0.00000494	0.00000016	1.5759059
ERICH3	0.00000502	0.000000163	2.0292943
PDGFRB	0.00000511	0.000000166	1.2815909
LOC105373431	0.00000511	0.000000166	1.4349522
BUB1B	0.0000052	0.00000017	1.304331
CLSPN	0.00000526	0.000000173	1.0249868
LOC105376037	0.0000054	0.000000178	1.1388215
SHISA5	0.00000545	0.00000018	1.0267493
LOC112268252	0.00000546	0.000000181	1.3657204
NCAPG	0.00000565	0.000000188	1.0193201
LINC00671	0.00000564	0.000000188	1.3592013
IGLV3-27	0.00000573	0.000000191	2.2238253
C1orf226	0.00000583	0.000000196	1.4730827
LINC01671	0.0000059	0.000000198	1.8577541
IL5RA	0.00000592	0.0000002	-1.4795769
IGLC2	0.00000609	0.000000206	1.7991551
NT5DC4	0.0000061	0.000000207	1.1606174
CDC25A	0.00000611	0.000000207	1.5368416
RETN	0.00000643	0.000000219	1.5694838
IGKV6D-21	0.0000066	0.000000225	2.0618314
MROCKI	0.00000661	0.000000226	1.7375422
IGLV1-40	0.00000662	0.000000227	1.9387506
SOCS1	0.00000663	0.000000228	1.1897501
OLFM5P	0.0000067	0.000000231	1.4842166
SLC29A1	0.00000672	0.000000232	-1.1816351
CYTB	0.00000694	0.000000242	-1.0250707
ANXA3	0.00000703	0.000000245	1.306343
P3H2	0.00000708	0.000000249	-1.1584884
DZIP1L	0.00000708	0.00000025	1.2993814
PRDM1	0.00000709	0.000000251	1.9342457
PPM1K-DT	0.00000709	0.000000251	1.9342457
DEPDC1	0.00000709	0.000000252	1.7198597
PTPRU	0.00000751	0.000000268	1.3211424
CDCA2	0.00000771	0.000000276	1.3699728
LOC105376725	0.00000782	0.000000281	1.0739733
LINC01762	0.00000792	0.000000285	1.041437
MIR1250	0.00000792	0.000000286	1.351162
BNIP5	0.00000831	0.000000302	1.5556543
SH2D6	0.00000846	0.000000308	1.4267537
IQGAP3	0.0000088	0.000000322	1.4460632
GPR42	0.00000884	0.000000325	1.4740915
C1QB	0.0000089	0.000000328	1.4554481
KIAA1549	0.0000089	0.000000329	-1.1773597
TMEM255A	0.00000891	0.00000033	1.3436756
CEACAM8	0.00000891	0.00000033	2.0559565
ESM1	0.00000894	0.000000331	-1.3393246
SKA1	0.00000916	0.000000344	1.3380512
PHLDA3	0.00000917	0.000000345	1.2604869
UQCRBP1	0.00000925	0.000000349	1.0809469
PCOLCE2	0.00000933	0.000000352	2.2800377
IGLV3-10	0.00000955	0.000000363	2.0322435
IGLV3-9	0.00000999	0.000000381	2.0265304
BIRC5	0.00000999	0.000000382	1.4812348
SAMD4A	0.0000102	0.000000395	1.1130847
IGLJ2	0.0000103	0.0000004	1.8231373
IL18R1	0.0000109	0.000000426	1.8056723
LY6G6C	0.0000117	0.000000462	1.4162931
AZU1	0.000012	0.000000471	2.0430262
LOC107985323	0.0000126	0.000000498	1.2081725
LOC105375878	0.0000127	0.000000504	2.3336201
LOC105379476	0.0000128	0.000000507	1.1223316
POLQ	0.0000128	0.000000508	1.1663409
H2BC7	0.0000129	0.000000515	1.451173
ITGAM	0.0000129	0.000000517	1.0125184
ITGA7	0.0000129	0.000000517	1.0125184
OLIG2	0.0000135	0.000000543	-1.5789928
LOC107984770	0.0000136	0.000000547	1.4415987
DEFT1P	0.0000139	0.000000559	3.44711
ARGFXP2	0.0000139	0.00000056	1.1535717
LOC101926994	0.0000145	0.000000589	1.0664207
MELK	0.0000146	0.000000595	1.3608998
NUDT16-DT	0.0000148	0.000000605	1.2281079
TROAP	0.0000149	0.000000608	1.2361062
FBXO43	0.0000149	0.000000611	1.5157895
MIR7848	0.0000151	0.000000617	1.1931286
IGLC3	0.0000155	0.000000638	1.6825227
LOC102724956	0.0000159	0.000000654	1.0468692
LDB2	0.000016	0.000000659	-1.1419318
LINC02446	0.000016	0.000000662	1.1011385
SHCBP1	0.0000162	0.000000671	1.1252659
S100A12	0.0000162	0.000000671	1.3448996
GPR15	0.0000167	0.000000698	1.4518168
NMRAL2P	0.0000168	0.000000706	1.4915397
RAD51AP1	0.0000169	0.000000709	1.0728139
DYNLT5	0.0000169	0.000000709	1.8570211
KRT5	0.0000169	0.000000714	-1.7177809
IGKV6-21	0.0000172	0.000000729	2.0034659
IGLC6	0.0000172	0.000000731	1.835689
FFAR3	0.0000172	0.000000731	1.4594347
PRRT4	0.0000173	0.000000735	1.5012236
LOC105374769	0.0000175	0.000000745	1.8117283
PML	0.0000178	0.000000758	1.0285673
TNNT3	0.0000178	0.00000076	1.0557355
MKI67	0.0000181	0.000000776	1.2270987
SLED1	0.0000184	0.00000079	1.4955725
IGLJ3	0.0000185	0.000000794	1.7513794
KIF14	0.0000186	0.000000801	1.3294766
LGR4	0.0000187	0.000000808	-1.0110223
PLSCR4	0.0000193	0.000000836	1.5622251
LOC105373323	0.0000198	0.000000856	-1.4800676
IGLV3-1	0.0000203	0.000000882	1.7208771
RPL36A	0.0000203	0.000000885	1.1184329
LOC105374943	0.0000207	0.000000902	-1.1015123
FAM151A	0.000021	0.000000922	-1.0801355
CDCA5	0.0000213	0.000000936	1.2229249
APBA1	0.0000215	0.000000949	-1.0050039
SKA3	0.0000215	0.000000951	1.4444028
MCM10	0.0000215	0.000000953	1.5243982
HP	0.0000215	0.000000955	1.7369072
KIF4A	0.0000223	0.000000994	1.3068334
CARMIL3	0.0000224	0.000000999	1.1083395
PGAP1	0.0000229	0.00000102	1.0789782
GSDMC	0.0000233	0.00000105	1.4115495
LOC105371064	0.0000235	0.00000106	1.4281613
LOC107984778	0.0000238	0.00000107	1.5928116
LOC105373424	0.0000238	0.00000108	1.4544304
ETS1	0.0000238	0.00000108	1.0587569
ESPL1	0.0000238	0.00000108	1.0587569
MIR4257	0.0000241	0.00000109	1.0594314
LOC112268237	0.0000242	0.0000011	1.3151952
LCN2	0.0000242	0.0000011	1.8707079
SEZ6	0.0000252	0.00000115	1.0025496
LOC105374903	0.0000251	0.00000115	1.7556832
IFIT1B	0.0000255	0.00000117	1.530171
MZB1	0.0000259	0.00000119	1.6728017
CENPA	0.0000259	0.00000119	1.3479819
ANLN	0.0000262	0.00000121	1.1591857
DTL	0.0000264	0.00000122	1.3163535
IGLC7	0.0000266	0.00000123	1.8806992
LINC03016	0.0000267	0.00000124	1.3337337
NSG2	0.0000269	0.00000125	1.3419523
LOC100507156	0.000027	0.00000125	1.0782532
TRPC6	0.0000273	0.00000127	-1.315738
ESCO2	0.0000279	0.0000013	1.2669425
ELANE	0.0000281	0.00000131	2.0320786
SDC1	0.0000284	0.00000133	2.3294036
LOC102724638	0.0000283	0.00000133	1.6828223
LOC107985055	0.0000288	0.00000135	1.541365
IGLC4	0.0000302	0.00000144	2.9247756
LOC107985019	0.0000312	0.0000015	1.7683004
IGLV2-23	0.0000312	0.0000015	1.6169039
DEFT1P2	0.0000314	0.00000151	3.3141177
IGKV1D-33	0.0000318	0.00000154	1.7911823
TRGJP	0.0000324	0.00000157	-1.6730815
CRISP2	0.0000325	0.00000158	1.8513859
KCTD14	0.0000329	0.00000161	1.5642223
LOC101060400	0.0000334	0.00000164	1.8276718
FER1L4	0.0000341	0.00000168	1.3742841
HPR	0.0000351	0.00000174	1.6880788
IGKV1-33	0.0000355	0.00000176	1.7719461
ENPP3	0.0000368	0.00000183	-1.2353755
LOC105372814	0.0000368	0.00000184	1.1379367
IGLV9-49	0.0000387	0.00000195	1.7417532
FEZ1	0.0000388	0.00000196	-1.2022674
LOC105372252	0.0000395	0.00000199	-1.1337063
GGT5	0.0000396	0.000002	-1.4203432
IGKV1-32	0.0000397	0.00000201	1.8762235
KRT86	0.00004	0.00000203	-1.3208199
MIR4513	0.000041	0.00000208	1.2460495
PIRAT1	0.0000412	0.0000021	1.1067279
BANK1	0.0000417	0.00000212	1.1052656
BAGE2	0.0000417	0.00000212	1.1052656
TOP2A	0.0000423	0.00000217	1.1930618
LINC01686	0.0000423	0.00000218	1.4971138
COLEC12	0.0000425	0.00000219	-1.2483766
SCARA5	0.0000445	0.0000023	-1.2672384
CDO1	0.0000453	0.00000236	1.8673774
IGLV1-51	0.0000457	0.00000239	1.628379
KCNA5	0.0000471	0.00000246	-1.1231589
CACNA1E	0.0000484	0.00000254	1.0717298
LOC105372801	0.0000489	0.00000256	1.228783
IGLV1-36	0.0000493	0.00000259	1.7756
PTGER4P2-CDK2AP2P2	0.0000502	0.00000264	1.000074
LOC101929309	0.0000503	0.00000265	2.1522354
GLDC	0.000052	0.00000276	1.8870022
IGLC5	0.0000522	0.00000277	1.6875251
TNFAIP8L3	0.0000528	0.00000281	2.1088566
LGALSL-DT	0.0000529	0.00000282	1.3757052
MAB21L3	0.000053	0.00000283	1.3821068
ADAM12	0.0000532	0.00000284	-1.2689741
IGLV1-44	0.0000533	0.00000285	1.7314316
TMEM51-AS1	0.0000536	0.00000288	1.3189226
IGLV1-47	0.0000538	0.0000029	1.7162277
HPN	0.0000546	0.00000295	1.234569
H4C8	0.0000553	0.00000299	1.2013757
LINC02458	0.0000574	0.00000312	-1.3285156
PYCR1	0.0000595	0.00000325	1.1304454
LOC105373165	0.0000598	0.00000328	-1.9927457
LOC148696	0.0000622	0.00000343	1.0859396
LINC02320	0.0000626	0.00000346	1.1828675
LOC105378260	0.0000629	0.00000349	1.0430805
LOC100996318	0.0000628	0.00000349	1.0955158
LOC285847	0.000063	0.0000035	1.2624498
IGKV1-6	0.000063	0.00000351	1.6898246
KCNJ2-AS1	0.0000636	0.00000355	1.1010683
TENT5B	0.0000642	0.00000359	-1.3281856
DOCK4	0.0000643	0.0000036	1.0404377
LOC105377327	0.0000644	0.00000361	2.4623253
NPTX1	0.0000645	0.00000362	1.4724367
IGLV2-34	0.0000645	0.00000362	1.6646886
METTL7B	0.0000656	0.00000369	1.7146267
LOC105378041	0.0000659	0.00000371	2.1097986
AKAP12	0.0000662	0.00000374	-1.3230361
IGLV3-21	0.0000662	0.00000375	1.8669355
TRPV5	0.0000664	0.00000376	1.2070694
TYMSOS	0.0000666	0.00000378	1.4024664
SLC4A9	0.0000667	0.00000378	1.2647647
CASP5	0.0000668	0.0000038	1.0278767
SUCNR1	0.0000675	0.00000385	1.1116402
LOC105377872	0.0000681	0.00000389	1.0436995
BHLHA15	0.0000694	0.00000398	1.8171441
IGKV1D-32	0.0000694	0.00000399	1.9291933
KIF2C	0.0000702	0.00000405	1.0141284
LOC105375879	0.0000703	0.00000407	2.4434666
ERVW-1	0.000071	0.00000411	1.055579
SLC45A3	0.0000717	0.00000416	-1.0757128
LINC02528	0.0000721	0.0000042	1.6533615
IGKV1-39	0.0000721	0.0000042	1.5872395
AJAP1	0.0000728	0.00000425	-1.6582277
BPI	0.0000745	0.00000435	1.6042609
IGHG1	0.0000747	0.00000437	2.0991
MIR4772	0.0000767	0.0000045	1.9869925
LINC02213	0.000077	0.00000452	1.1056699
CLEC6A	0.000077	0.00000453	1.0184255
MCEMP1	0.0000784	0.00000461	1.1184675
NXF3	0.0000785	0.00000463	2.0447212
PRTN3	0.0000788	0.00000465	2.1764212
IGKV1D-39	0.0000795	0.0000047	1.5780586
IL18RAP	0.00008	0.00000474	1.3756662
SFRP1	0.0000802	0.00000476	2.176145
KIF15	0.0000807	0.0000048	1.1006777
LOC107985056	0.0000823	0.00000491	1.7980245
COL6A1	0.0000838	0.00000502	-1.1648607
LOC105371934	0.0000851	0.00000511	1.0041255
DIAPH3	0.0000867	0.00000521	1.3946127
LOC105372412	0.0000882	0.00000531	1.1218693
SMOC1	0.0000893	0.00000539	-1.0593179
MLNR	0.0000897	0.00000543	2.2912076
LOC105371019	0.00009	0.00000546	1.0090346
HTRA3	0.0000909	0.00000553	1.7662063
FOXC1	0.0000909	0.00000553	1.5822934
LOC105369724	0.000092	0.00000562	1.3744452
MIR5587	0.0000936	0.00000573	1.2997067
IGKV1D-42	0.0000939	0.00000576	1.610448
DBNDD1	0.0000942	0.00000579	-1.161096
LINC02904	0.0000942	0.0000058	1.3764371
NEK2	0.0000952	0.00000587	1.32639
GINS2	0.0000966	0.00000597	1.0651158
ANKRD22	0.0000967	0.000006	1.2967852
LOC105371085	0.000097	0.00000602	1.2243319
CCNB2	0.0000972	0.00000604	1.2193623
IGHJ2	0.0000977	0.00000608	1.6331313
LOC107985513	0.000098	0.00000611	1.2332133
IGKJ3	0.0000983	0.00000613	1.5121371
ITPK1-AS1	0.0000992	0.00000619	1.0702751
CAV1	0.0000996	0.00000622	1.6009465
IGKV6D-41	0.000104	0.00000655	2.2918078
MMP28	0.000105	0.00000666	-1.2168911
IGKV1D-17	0.000106	0.0000067	1.5735836
SLC22A31	0.000107	0.00000677	1.116092
BUB1	0.000111	0.00000706	1.201341
IGLC1	0.000112	0.00000717	1.752054
SLPI	0.000113	0.00000723	1.2365287
SHD	0.000113	0.00000724	-1.031481
IGKV1-9	0.000117	0.00000754	1.5649188
IGHV4-30-2	0.000118	0.00000763	1.7383252
IGHA1	0.000119	0.00000772	1.7730335
LOC107985505	0.00012	0.00000782	-1.2990077
MPO	0.00012	0.00000784	1.5449654
RPH3A	0.000122	0.00000797	1.9746834
SLC2A5	0.000127	0.0000083	1.0132613
IGLV2-11	0.000127	0.00000832	1.5846156
ASPH	0.000129	0.00000848	1.2456311
CEND1	0.00013	0.00000861	1.0551349
LOC107985926	0.000131	0.00000868	1.4978575
SMPD3	0.000131	0.0000087	-1.0075945
LOC107985335	0.000131	0.00000874	1.7613458
ZNF608	0.000132	0.00000876	1.4984553
HOXB9	0.000135	0.000009	1.9703342
IGKV1-27	0.000137	0.00000916	1.5304147
CD274	0.000138	0.00000926	1.107433
LOC107985357	0.000143	0.0000097	-1.7043804
LOC105369402	0.000145	0.0000098	1.6029959
LOC105378647	0.000145	0.00000988	1.2161749
SCN5A	0.000146	0.00000992	1.538304
LIPM	0.000149	0.0000102	1.2436131
LOC105375542	0.00015	0.0000103	1.1951213
CCNA1	0.00015	0.0000103	1.5768201
MT1E	0.000151	0.0000104	1.0795712
GBP6	0.000153	0.0000105	1.3024478
SPNS3	0.000154	0.0000106	-1.00026
IGHV1-69-2	0.000154	0.0000106	2.4502126
IL34	0.000166	0.0000116	-1.6238766
E2F7	0.000166	0.0000116	1.1350644
IGKV1-17	0.00017	0.0000119	1.4608749
IGKJ2	0.00017	0.0000119	1.450247
GPRC5D	0.00017	0.0000119	1.5255261
LOC105375543	0.000171	0.000012	1.1507458
NOG	0.000177	0.0000125	-1.2114513
NXPH4	0.00018	0.0000128	-1.3005673
TMEM119	0.000181	0.0000129	1.3125663
LINC02721	0.000182	0.000013	1.5778372
AMPH	0.000183	0.0000131	1.2018179
IGLL5	0.000184	0.0000132	1.6719134
ALOX15	0.00019	0.0000137	-1.7265208
IL1R2	0.000194	0.0000141	1.6806378
IER5L-AS1	0.000195	0.0000141	-1.1304346
IGKJ4	0.000201	0.0000146	1.4226902
HCG9	0.000207	0.0000152	1.541417
RP1L1	0.000211	0.0000156	2.0327894
LOC112268047	0.000214	0.0000158	-1.0762796
LOC105374128	0.000218	0.0000161	1.5347024
IGKV1D-27	0.000217	0.0000161	1.4838661
DLGAP1	0.000218	0.0000162	1.0987749
MYO10	0.00022	0.0000163	1.1146699
HDC	0.000224	0.0000168	-1.2188254
MYBL2	0.000229	0.0000172	1.2685477
LOC107985869	0.000228	0.0000172	1.0441402
TLR8-AS1	0.000229	0.0000173	1.046075
LOC105377743	0.000229	0.0000173	1.117418
IGLV2-18	0.000233	0.0000176	1.4420709
SLC5A9	0.000233	0.0000177	1.2956051
SNORA77	0.000243	0.0000186	1.0900321
SAP30	0.000244	0.0000186	1.0949843
IGKV1D-8	0.000243	0.0000186	1.4566361
CNGB1	0.000245	0.0000188	1.4110767
AXL	0.000245	0.0000188	1.3118771
LOC107986113	0.000249	0.0000192	1.0898992
LINC03062	0.000249	0.0000192	1.1379529
IGHV4-28	0.000249	0.0000192	1.5867322
LOC101927369	0.000253	0.0000195	1.2213102
IGLV1-41	0.000256	0.0000199	1.5711429
RGS1	0.000256	0.00002	1.0321488
CHGA	0.000258	0.0000202	1.0055993
SLC7A8	0.000259	0.0000203	-1.100714
SLC4A10	0.000265	0.0000209	-1.7116109
IGLV2-33	0.000265	0.0000209	1.6554034
EXO1	0.000265	0.0000209	1.0676933
SPATC1	0.000273	0.0000217	1.089574
COL9A2	0.000273	0.0000217	1.1541862
CACNG6	0.000274	0.0000218	-1.4652462
LOC105374234	0.000275	0.0000219	1.4889195
IGKV3D-20	0.000275	0.000022	1.3954893
SLC8A2	0.000285	0.000023	1.6863556
MGAM2	0.000287	0.0000232	1.1786561
IGKV3-7	0.000288	0.0000233	1.4497233
KLHDC8B	0.000289	0.0000235	1.053555
LOC105374843	0.000294	0.0000239	1.3677643
LINC01305	0.000298	0.0000243	1.3721815
TRBV6-4	0.000302	0.0000246	-1.0656943
HMMR-AS1	0.000302	0.0000247	1.6704459
IGHV1-24	0.000304	0.0000248	1.6808694
IGLV3-19	0.000319	0.0000265	1.5774205
PPARG	0.000334	0.0000278	1.1124274
IGHV1-69D	0.000344	0.0000288	1.4633035
LTF	0.000346	0.000029	1.7020861
CDKN3	0.000346	0.000029	1.1146909
TTC26	0.000351	0.0000296	1.3693289
LOC105371498	0.000354	0.0000299	-1.744419
IGHJ3	0.000358	0.0000304	1.4812061
SCRG1	0.000359	0.0000306	1.3105701
LOC105374636	0.000363	0.0000309	1.6943978
IGKV1-12	0.000363	0.000031	1.4467431
PGF	0.000371	0.0000318	1.4077322
LINC02073	0.000371	0.0000318	-1.7256484
NDST1-AS1	0.000372	0.0000319	1.231423
LY6S	0.000372	0.0000319	1.3686419
G0S2	0.000373	0.0000321	1.0594566
OR52N2	0.000382	0.0000331	1.6168009
LOC105374127	0.000382	0.0000331	1.9856743
MIXL1	0.000387	0.0000336	1.6186156
LYPD4	0.00039	0.000034	1.1199404
LOC102724046	0.000391	0.0000341	1.1620143
TXNDC5	0.000406	0.0000356	1.1789379
IGLV2-14	0.000409	0.0000359	1.4190416
TMEM132C	0.000413	0.0000363	-1.4729797
SERPINB10	0.000421	0.0000372	1.4491749
IGLJ1	0.000425	0.0000375	1.5751279
PKD2L1	0.000426	0.0000377	1.2883885
FOLR3	0.000431	0.0000382	1.5706458
INAVA	0.000438	0.000039	1.0726636
IGLV2-8	0.00044	0.0000391	1.3897394
LOC105375769	0.000443	0.0000395	1.2253887
IGKV3-20	0.000446	0.0000399	1.3179487
DEPDC1B	0.000446	0.0000399	1.0238302
C5orf67	0.000453	0.0000408	1.0748956
LOC107985517	0.000456	0.0000412	-1.504839
IGKV3D-7	0.000456	0.0000413	1.3178947
IGKV1-5	0.000457	0.0000414	1.3888028
BLOC1S5-TXNDC5	0.000457	0.0000414	1.1546311
LOC105369645	0.000462	0.0000419	1.3204707
LOC105370635	0.000466	0.0000424	1.1756736
HAS1	0.000466	0.0000426	1.4022616
CDK15	0.000474	0.0000432	-1.3651671
LOC105369735	0.000483	0.0000442	1.2458905
KCNN3	0.000486	0.0000446	1.2209897
IGLV3-16	0.000488	0.0000448	1.3548469
LOC105372652	0.000496	0.0000458	1.6933846
LINC02086	0.000506	0.0000469	1.5483631
SIGLEC8	0.000513	0.0000478	-1.4777789
IGKV1-37	0.000518	0.0000483	1.5030858
OR10V2P	0.000525	0.0000491	1.030081
LOC107985065	0.000527	0.0000494	1.1643776
PRSS41	0.000535	0.0000503	-1.3255584
MINDY4B	0.00054	0.0000509	1.5119343
LOC105371981	0.000546	0.0000517	1.0584883
FGFR2	0.000565	0.0000538	-1.2681363
IGKJ5	0.000566	0.000054	1.428625
SPATA3-AS1	0.000572	0.0000547	1.1995555
ROR2	0.000579	0.0000556	-1.5833617
IGLV4-3	0.000582	0.000056	1.7519208
IGKV4-1	0.000587	0.0000566	1.3142088
TRDV2	0.000591	0.0000572	-1.5162557
IGKV3D-15	0.000594	0.0000575	1.3435359
IGLV2-28	0.000611	0.0000595	1.7038892
CLEC4E	0.000617	0.0000602	1.1708833
LOC101927010	0.000626	0.0000613	1.1595742
MIR650	0.000627	0.0000615	1.421212
GBP7	0.000627	0.0000616	1.0108713
LOC101928007	0.000645	0.0000637	1.1515067
GRB10	0.000653	0.0000647	1.4627431
SMPD5	0.000663	0.0000658	1.5521052
IGHV7-56	0.000673	0.0000672	1.5294401
A3GALT2	0.000683	0.0000684	1.1698081
RLN3	0.00069	0.0000693	1.2064861
PCDH1	0.000694	0.0000698	-1.016334
GDF15	0.000695	0.00007	1.0267096
EMX1	0.000704	0.000071	1.2305951
LOC105372991	0.000707	0.0000715	-1.3175203
LOC107986091	0.000708	0.0000717	-1.1782445
IKZF1	0.000708	0.0000717	1.9529677
IGLVI-70	0.000708	0.0000717	1.9529677
LOC107985279	0.000729	0.0000742	1.4730346
IGKV1D-16	0.000731	0.0000745	1.3491398
TRGV9	0.00074	0.0000756	-1.0701182
KMT2CP5	0.000779	0.0000803	1.0740076
SEMA6B	0.000785	0.0000811	1.0506928
PLAAT5	0.00079	0.0000817	-1.115602
IGKV1D-12	0.00079	0.0000817	1.3806678
LOC107985047	0.000799	0.0000829	1.1528453
IGKJ1	0.000806	0.0000838	1.2195576
CD163	0.000826	0.0000864	1.0111582
 LYN	0.000211	0.0000876	1.19939211
KLHDC7A	0.000852	0.0000898	-1.4946872
PFKFB2	0.000867	0.0000916	1.2734871
IGKV3-15	0.00088	0.0000931	1.2809482
IGHV3-53	0.000886	0.000094	1.2517334
IGKC	0.000895	0.0000951	1.4673056
TRHDE-AS1	0.000896	0.0000954	1.6867375
THSD7A	0.000916	0.000098	-1.2062659
ADGRE4P	0.000921	0.0000988	-1.0769238
LOC102723407	0.000926	0.0000994	1.4612463
SKOR1-AS1	0.00094	0.000101	1.6001474
PGBD5	0.000935	0.000101	-1.2777683
LOC112268474	0.00094	0.000101	1.2457702
IGHA2	0.00094	0.000101	1.5035349
LOC105377067	0.000942	0.000102	1.2152143
CAPN13	0.000946	0.000102	1.3730934
PKN2-AS1	0.00095	0.000103	1.3697157
IGKV3D-11	0.000964	0.000105	1.2543783
STOX2	0.000976	0.000106	1.4355927
SEMA3B-AS1	0.000978	0.000107	1.204851
LOC105371822	0.000984	0.000107	1.3309245
IL12B	0.000987	0.000108	1.0939196
ERFE	0.00104	0.000114	1.7658068
LOC105377035	0.00106	0.000117	1.0764602
FAT4	0.00106	0.000118	-1.2442233
LOC102724237	0.00109	0.000121	1.0955388
CD207	0.00111	0.000123	-1.1056391
ZDHHC19	0.00111	0.000124	1.1906344
LINC02207	0.00111	0.000125	1.4331875
IGHJ1	0.00113	0.000127	1.5302545
C10orf82	0.00116	0.000132	-1.6515894
LOC112268314	0.0012	0.000136	1.6031847
IGKV1D-37	0.00121	0.000138	1.3342809
RIBC2	0.00124	0.000143	1.0820018
IGKV2D-40	0.00127	0.000147	1.2341793
PRSS40B	0.0013	0.00015	1.4753656
LYPD2	0.0013	0.000151	-1.4191827
LOC107985870	0.0013	0.000151	1.1044916
IGKV2D-29	0.00133	0.000156	1.364447
IGHV1-69	0.00134	0.000157	1.2657602
COL5A1	0.00134	0.000158	-1.0463502
NRCAM	0.00136	0.00016	-1.0835968
IFNG	0.00136	0.00016	1.0701487
VNN1	0.00136	0.000161	1.0219832
LOC105371464	0.00138	0.000163	1.0225656
NEURL3	0.0014	0.000166	1.0943213
IGKV2-40	0.00139	0.000166	1.2299751
BCAN-AS1	0.00139	0.000166	1.2909531
TPBG	0.00141	0.000169	-1.0798006
TPST1	0.00142	0.00017	1.4670907
LOC101928166	0.00142	0.00017	1.1111708
PRSS33	0.00146	0.000176	-1.5291034
PRSS35	0.00152	0.000185	-1.9161076
LOC105371636	0.00154	0.000187	1.319948
TRIM51EP	0.00154	0.000188	-1.2437194
LOC102724653	0.00154	0.000188	1.1368434
CYP11A1	0.00156	0.00019	-1.2916615
LOC105369322	0.00156	0.000191	-1.2132093
IGLL1	0.00156	0.000191	1.1866386
IGHV3-30	0.00158	0.000194	1.2365678
KCNE1	0.00163	0.000201	1.1138152
CELF2-AS1	0.00164	0.000203	1.0807317
LOC105374465	0.00166	0.000207	1.2374383
SIPA1L2	0.00168	0.000209	1.0718466
LOC107985528	0.00168	0.000209	1.4925479
IGKV2-26	0.00173	0.000217	1.3529148
PRSS40A	0.00173	0.000218	1.4469114
ACBD7	0.00173	0.000218	1.1027926
LOC105374264	0.00178	0.000225	1.42558
LOC107986769	0.0018	0.000227	2.424862
INHBB	0.0018	0.000228	1.4355467
EPCAM	0.0018	0.000228	1.8457211
MOCS1	0.00183	0.000233	1.7638691
TSHR	0.00184	0.000234	1.1117679
IGKV1-16	0.00185	0.000235	1.2346952
IGKV1-13	0.00187	0.000239	1.4109911
MIR4312	0.00188	0.00024	1.1199225
IGKV3-11	0.00188	0.000241	1.1813788
IGLV4-69	0.00192	0.000247	1.2950518
CACNG8	0.00193	0.000248	-1.0291066
LOC105378326	0.00196	0.000253	1.2179485
LOC107985455	0.00202	0.000263	1.4418414
ELK2AP	0.00209	0.000273	1.4792187
LINC01768	0.00212	0.000278	1.1724419
IGKV2D-28	0.00212	0.000279	1.1660584
INSC	0.00214	0.000281	1.0175731
FAM3D	0.00216	0.000285	-1.0640763
OSBPL6	0.00217	0.000287	1.2756002
ARHGAP29	0.00218	0.000288	1.0249027
IGHG3	0.0022	0.000293	1.4670309
IGHV4-55	0.00222	0.000295	1.2609466
IGHV3-33	0.00222	0.000296	1.1754709
DMC1	0.00222	0.000296	1.0802403
DOC2B	0.00225	0.000301	1.2600375
MEIS3	0.00226	0.000302	1.049685
LOC105375534	0.00227	0.000305	1.0669318
IGKV2D-30	0.00233	0.000313	1.167736
CT70	0.00245	0.000332	1.3663852
ALOX15B	0.00245	0.000332	1.394481
IGKV2-28	0.00248	0.000338	1.1474901
LOC105378577	0.0025	0.000342	1.3770527
LOC105377267	0.0026	0.000358	-1.0298359
IGHV3-66	0.00262	0.000362	1.1946175
MEIS2	0.00263	0.000363	-1.0748447
IGHV3-43	0.00265	0.000366	1.3297911
LOC101929738	0.00268	0.000372	1.0245678
LOC105372861	0.0027	0.000376	1.1270739
ERG	0.00276	0.000386	1.1513095
BCAM	0.00277	0.000387	-1.2552907
IGHV3-9	0.00279	0.000391	1.428586
LINC01267	0.00287	0.000405	1.3988144
LOC101928263	0.00289	0.00041	1.0960771
SMUG1-AS1	0.00293	0.000416	1.3333764
LOC112267956	0.00297	0.000425	1.2107063
LOC107987293	0.00298	0.000427	1.1216868
CXXC4	0.00302	0.000435	-1.0694383
IGKV1D-13	0.00307	0.000443	1.3658406
NRN1	0.00311	0.00045	1.1108999
KIF4B	0.00319	0.000465	1.2384533
IGLJ6	0.00322	0.000469	2.5906267
IGLV5-45	0.00333	0.000489	1.1478704
LOC107984705	0.00333	0.000491	1.2281731
IGKV2-4	0.00339	0.000501	1.2448883
IGLV5-37	0.00341	0.000507	1.6365516
IGHJ6	0.00341	0.000507	1.1272802
SFRP2	0.0035	0.000524	-1.002262
IGKV2-18	0.00351	0.000526	1.6101277
OOSP1	0.00363	0.000548	1.230475
LRRN1	0.00368	0.000556	1.0107243
MET	0.00371	0.000563	1.6029046
IL21-AS1	0.00395	0.000606	1.0957778
LOC102724389	0.00409	0.000632	1.0859586
IGKV2-29	0.00414	0.000641	1.3938599
GNG4	0.00417	0.000646	1.1249873
LOC107984242	0.00417	0.000647	-1.047888
CHST1	0.00419	0.00065	1.1295254
LINC01300	0.00436	0.000684	1.5024613
IGKV1-8	0.00441	0.000691	1.1468342
PKDCC	0.00447	0.000704	-1.3758053
FKBP5	0.00456	0.000719	1.1673959
IGKV5-2	0.00458	0.000723	1.1055715
IGHGP	0.00465	0.000737	1.3972144
LOC730101	0.00474	0.000754	1.0828297
LOC105369565	0.00499	0.000803	1.4580172
IGKV7-3	0.00499	0.000803	1.6465951
NR2E1	0.00503	0.000812	1.8399157
IGKV2-30	0.00517	0.000842	1.1002864
LINC01093	0.00518	0.000844	1.329507
BTBD17	0.00523	0.000855	1.404425
LOC102724008	0.00525	0.000861	1.0903348
CDC20	0.00527	0.000864	1.0041954
ACOD1	0.00533	0.000876	1.0398728
LOC107987294	0.00537	0.000884	1.0402483
CEACAM22P	0.00546	0.000903	-1.516702
IGHJ4	0.00568	0.000946	1.0259276
LOC107983983	0.0057	0.00095	1.061037
LOC107986385	0.00572	0.000953	1.0824749
IGLV7-43	0.00576	0.000963	1.1483423
LINC02990	0.00582	0.000976	1.5140972
IGKV1D-43	0.00587	0.000987	1.2470589
LINC01358	0.00596	0.001	1.073791
DDIT4L	0.006	0.00101	1.0802313
LOC105370691	0.00603	0.00102	1.3169711
LINC01127	0.00617	0.00105	1.0032159
GJB6	0.00629	0.00107	1.1528494
IGLJ7	0.00648	0.00111	2.0985271
IGHV5-51	0.00647	0.00111	1.0871103
IGHV4-61	0.0067	0.00116	1.1021821
IGHV3-20	0.00676	0.00117	1.2997425
ECHDC3	0.00677	0.00117	1.2395928
IGHG4	0.00677	0.00118	1.3970196
TRIM51	0.0069	0.0012	-1.1270654
TRDV3	0.00692	0.00121	1.0495595
COL13A1	0.00693	0.00121	-1.0003943
LOC112268431	0.00707	0.00124	1.2702409
LOC102725101	0.00704	0.00124	1.154219
ITGB8	0.00704	0.00124	-1.0170242
IGKV2D-26	0.00721	0.00128	1.135889
KCNK17	0.0075	0.00134	-1.1253745
LOC102724971	0.00762	0.00137	1.0219971
IGHV3-62	0.00771	0.00139	1.0679534
LOC105379505	0.008	0.00145	1.2942104
COL26A1	0.00802	0.00146	-1.6995651
LOC102724852	0.00806	0.00147	1.1548595
BMX	0.0082	0.0015	1.0055487
MIR3945	0.00836	0.00154	1.06804
IGKV2D-24	0.00865	0.0016	1.0388207
CCL23	0.00867	0.00161	-1.280781
IGHV1-58	0.00874	0.00163	1.0670335
ANOS1	0.00876	0.00163	1.0573181
MS4A3	0.00895	0.00167	1.1018994
MEDAG	0.00902	0.00169	1.0379239
H19	0.00913	0.00172	1.1373117
HBQ1	0.00934	0.00176	-1.1516164
LOC112268316	0.00986	0.00189	1.2575361
IGHV1-46	0.01	0.00193	1.0601098
IGHV4-59	0.0101	0.00196	1.0940372
KCNMA1	0.0105	0.00205	1.2329002
HOTS	0.0107	0.0021	1.1471567
GPER1	0.0107	0.0021	1.0069963
IGHV2-26	0.0109	0.00214	1.0567455
CCL25	0.0112	0.00223	1.1757761
IGHV3-38	0.0117	0.00235	1.1109642
ARFGEF3	0.0118	0.00237	1.0210581
LOC107984384	0.0119	0.0024	1.0182631
LINC01918	0.0122	0.00248	1.0663673
SLCO2B1	0.0129	0.00266	1.1014772
IGHV3-48	0.013	0.0027	1.0358037
LINC02470	0.014	0.00295	1.3559196
CPE	0.0143	0.00303	1.1106169
SHOX2	0.0155	0.00338	1.1272235
IGLV7-46	0.0161	0.00354	1.0296675
IGHV1-12	0.0162	0.00356	1.072213
NUP210L	0.0166	0.00367	1.0879906
AREG	0.0178	0.004	1.0552134
LOC112267876	0.0188	0.00428	1.1497572
IQSEC3-AS1	0.0189	0.0043	1.0717097
CLEC4OP	0.0193	0.00444	-1.2164598
VCAN-AS1	0.0194	0.00446	1.1190244
DNTT	0.0209	0.00488	-1.0022923
SGIP1	0.0212	0.00498	1.0808984
LINC02967	0.0232	0.00555	1.107224
LOC105369202	0.0232	0.00557	-1.3746226
LOC105375589	0.0233	0.0056	-1.0443646
VSTM2B	0.0246	0.00599	1.7573086
IGHG2	0.0254	0.00621	1.106792
ZFP57	0.026	0.00642	2.2510974
IGLV5-48	0.0268	0.00667	1.1294279
TENM4	0.0272	0.00676	-1.4275167
IGHV1-2	0.0273	0.00681	1.077622
LOC105372789	0.0302	0.00774	1.1945039
IGLV4-60	0.0332	0.00874	1.1142818
LOC107985078	0.0336	0.00887	1.0571985
RGS13	0.0359	0.00966	1.2643931
MYOM2	0.036	0.0097	-1.1615883
RIMBP2	0.0371	0.0101	-1.8463809
LINC00689	0.0444	0.0127	1.0735349
VCAM1	0.0481	0.0141	1.0120664
LOC107984118	0.0496	0.0147	1.1532298
IGLV3-22	0.0496	0.0147	1.4597986

